/*2
int triangle_shape[16] = {
	267, 421,
	237, 440,
	228, 440,
	224, 432,
	252, 364,
	261, 363,
	267, 369,
	267, 396
};
/*2
int shape_atright[16] = {
	235, 461,
	244, 475,
	290, 449,
	302, 437,
	300, 352,
	291, 346,
	284, 352,
	287, 431
};

/*2
int shape_at_2right[24] = {
	238, 508,
	237, 499,
	305, 462,
	314, 452,
	321, 441,
	317, 333,
	284, 296,
	283, 285,
	309, 270,
	319, 269,
	323, 276,
	332, 507
};


int shape_at_top_right[36] = {
	318, 191,
	318, 213,
	314, 219,
	305, 220,
	283, 199,
	284, 188,
	301, 170,
	307, 158,
	307, 102,
	296, 88,
	285, 81,
	263, 79,
	262, 40,
	264, 30,
	281, 31,
	295, 40,
	305, 51,
	313, 64
};

/*2
int shape_at_top[12] = {  
	234, 68,
	239, 72,
	244, 68,
	244, 46,
	239, 42,
	234, 45
};

int shape_at_top_left[20] = {
	182, 80,
	186, 74,
	186, 33,
	181, 30,
	172, 30,
	161, 36,
	154, 45,
	154, 58,
	157, 69,
	165, 76
};

int borders[82] = {
	353, 500,
	331, 64,
	324, 48,
	308, 30,
	281, 17,
	167, 17,
	148, 26,
	135, 40,
	134, 59,
	144, 74,
	144, 85,
	135, 98,
	133, 178,
	137, 190,
	146, 203,
	163, 216,
	173, 228,
	184, 247,
	187, 272,
	181, 296,
	176, 304,
	166, 308,
	154, 304,
	142, 291,
	122, 255,
	103, 260,
	108, 273,
	102, 282,
	47, 309,
	50, 316,
	26, 349,
	22, 435,
	25, 446,
	35, 459,
	105, 498,
	105, 520,
	0, 520,
	0, -1,
	405, -1,
	405, 520,
	353, 520
};




